Airport;Runway;SID;RunwayHeading;RunwayElevation;PathLatLon
TJVQ;RW09;VEDAS4;76.7;14.9352;18.1367410563242 -65.4850775128047;17.8509333333333 -65.2564222222222;17.8399687784665 -65.2499236586996;17.823210129702 -65.2528265324224;17.8133269350409 -65.2672491576687;17.8134028875515 -65.2780689173441;17.9193444444444 -65.5865805555556
TNCM;RW10;BOPAT2;82;4.2672;18.0424242452636 -63.0972356515874;18.0438033134764 -63.0804497588891;18.0340726430778 -63.0658969542889;18.0173458088846 -63.0627988739629;18.0063138867403 -63.0691774249464;17.9062277777778 -63.2258833333333
KEGE;RW25;GYPSM6;261.9;1995.5256;39.6406199546868 -106.935277250256;39.6278410803252 -107.01624507756;39.6245635282655 -107.031936495187;39.6314220346961 -107.051962783454;39.6381763492852 -107.057660493937;39.7609861111111 -107.09805;40.0026388888889 -106.442488888889
KHCR;RW04;COOLI5;49.7;1718.1576;40.4879336879018 -111.419353453992;40.50945 -111.385977777778;40.5406805555556 -111.334752777778;40.7393166666667 -111.366666666667;41.0809083333333 -111.312505555556
KSEE;RW27L;MZB1;281.7;118.2624;32.8273312428786 -116.97624977439;32.8209301657805 -116.979238082324;32.7822083333333 -117.225425
PHNL;RW04L;KEOLA2;53;3.9624;21.3298472232575 -157.907006740861;21.3600408163548 -157.86422560013;21.3618298716118 -157.850905861193;21.3531257672121 -157.835342497124;21.336660629473 -157.830908065386;21.3220813958235 -157.840197618638;21.3177379389205 -157.85282387815;21.2981222222222 -158.490525
KKNB;RW01;KACIR2;20.9;1483.7664;37.0184687485244 -112.527693895844;37.0907344365545 -112.49306388601;36.9919111111111 -112.239447222222
KBJC;RW30L;COORZ4;304.3;1729.1304;39.9141966027827 -105.131545507573;39.8605833333333 -105.718222222222;39.78845 -106.532686111111
KASE;RW33;LINDZ9;339.6;2389.0224;39.2347539391973 -106.874398984552;39.3865129691238 -106.922988715479;39.3959923963943 -106.941079686299;39.3964382650753 -106.947013808862;39.3999045825764 -106.968044675701;39.3887638888889 -107.157916666667
KWHP;RW30;WHITE1;318.7;305.7144;34.2645100855714 -118.418974318131;34.2823074737537 -118.438967185263;34.2844156951472 -118.457924097291;34.3316705310728 -118.480895490327;34.3391251900744 -118.499250498735;34.3336301807144 -118.518583933112;34.31956487655 -118.527442603886;34.2240222222222 -118.491725
KBUR;RW33;VVERA2;347;237.1344;34.2132777898508 -118.36075118862;34.2332753216181 -118.42240607806;34.3350472222222 -118.441252777778;34.4101583333333 -118.417269444444;34.4639277777778 -118.331686111111;34.5084083333333 -118.207038888889;34.5974722222222 -117.746386111111
